0.05926037906688817
0.17318842351284872
0.38385441978665985
0.2912388089329221
1.339630873605202
0.06200263548167802
0.1268561957481966
0.3894511668057312
0.8465433798740092
1.5273348137600222
0.11915991435731538
0.020572658844614775
0.021334550324283226
0.1309274464298256
0.4187119789060089
0.06200263548167802
1.073924352290712
0.2506903846711199
0.44099440733792705
1.2491261267262588
0.27761638948815515
0.11383245394859481
0.5615920521745545
0.2040123618699741
1.36559196527549
0.02829641833912771
0.2118261977662037
0.5264572469775064
0.21609747776041574
0.21555601733191085
0.9095038410260433
0.2811023470919451
0.12069503261514818
0.6870361930319798
0.3287262944644468
0.7359073039021075
0.39967397208949373
0.7651544886679569
0.47174514171420134
0.37917298419566536
2.1440761103977746
0.20806720743579246
1.6295834792489303
1.6261501278144999
0.11383245394859481
0.13670019118367865
0.7964257558290759
0.8252123633909385
0.02146321190474869
0.39967397208949373
0.25840523245866104
0.0903427589079837
0.3287262944644468
0.9999351469574498
0.8291685796980951
0.2040123618699741
0.28069357731009775
1.428960845050082
0.3273116802167237
2.0164665477080255
1.8024276993633779
0.04773012378997814
1.7326372081956265
0.6650986537419921
1.10705318501115
2.4138526299275824
1.921520472979569
1.567224675498596
0.29246018340182073
1.1317876604578143
2.0365169104173093
0.13670019118367865
0.8754439519523973
2.0641981164405068
0.907082796800656
0.48051814764182105
1.6905128950777037
0.04901957571013438
2.0164665477080255
0.2811023470919451
0.38385441978665985
0.7043965283038287
5.570205180916657
0.10213796115734292
0.24411538755879048
1.672374435747433
0.2809854519459138
0.3894511668057312
0.898522894612486
1.252961236484235
0.3625652213449195
0.28894817439730414
0.750653481271847
0.5244591376475343
0.8465433798740092
1.7326372081956265
0.14387915899235373
0.14720811821599353
0.6038438623566509
0.7964257558290759
2.995444964747119
0.13694962608854663
0.1783943790042053
1.143191185705057
1.1507441537545318
0.4573287543238389
0.3287262944644468
0.545590753595785
0.5032413232121687
1.1317876604578143
1.5630720721149833
0.056336232100389114
0.2995201800612558
0.020572658844614775
1.8065395130975133
2.298104085419718
1.7193279105322294
0.5689277377947816
1.339630873605202
0.19201700315336415
0.12475782010370282
1.306264312201946
0.7096006498485619
0.2876521533816403
0.25840523245866104
0.1783943790042053
0.02236524122930507
1.8024276993633779
0.2145620419350902
1.0914689938297495
0.3302830536238333
0.4483558521400329
1.5366746444699317
0.25840523245866104
0.3100949110924094
4.5432420272464
0.27000181933944806
0.7564085950177662
0.30166867461584845
0.5154102868341744
0.13694962608854663
0.3682269606641136
2.43445954763811
1.0463251212142683
0.45633753768459295
0.3273116802167237
0.21555601733191085
1.10705318501115
0.7497414535166648
0.7116165557061552
0.28702415721148267
0.43015325183111136
0.1138355418007696
2.8116966181629115
0.7142672639962727
0.09611709912972838
1.306264312201946
2.0365169104173093
0.04773012378997814
4.1578599694576
0.3625652213449195
0.006960431529173427
5.570205180916657
0.2811023470919451
0.3302830536238333
0.43015325183111136
0.30166867461584845
0.36330890282981576
1.5619078826807757
0.056336232100389114
0.8754439519523973
2.0434340467564462
1.318935458785396
1.921520472979569
0.3736981730526252
0.4519597732365749
3.2967955363170067
0.8465433798740092
0.2145620419350902
0.11915991435731538
0.27761638948815515
0.021334550324283226
0.8291685796980951
1.574686468721923
0.20813179435509443
0.04773012378997814
0.33716664101734156
0.16111741751195882
0.056799888676154486
2.0365169104173093
1.8595173195403965
0.4449546056437923
0.02236524122930507
0.1310975868569933
0.6038438623566509
0.2152057733049017
0.35444752834118215
0.20019013109227826
0.28069357731009775
0.39967397208949373
1.6295834792489303
0.1138355418007696
0.4187119789060089
1.5630720721149833
0.4866149501729031
0.7497414535166648
0.3217776616897964
0.17318842351284872
0.041869003466167176
0.5897346124454332
0.1696058260122079
1.8160802619180374
0.9911726342973401
0.2809854519459138
0.7116165557061552
0.04773012378997814
0.12932824508650886
0.06200263548167802
0.11915991435731538
0.5897346124454332
2.427021435853444
0.5926700908384183
0.01618786935103846
0.5205375281871716
0.22819736846508593
0.006393970540285643
0.32962424909311155
0.907082796800656
0.017564640748101667
0.9271722713590717
0.21897288959378347
0.27761638948815515
1.9713861563438442
0.9999351469574498
1.7326372081956265
0.2809854519459138
5.570205180916657
0.5689277377947816
0.4573287543238389
0.2319854756510369
0.10938680487543741
0.04773012378997814
0.25840523245866104
0.4483558521400329
0.9999351469574498
0.006393970540285643
1.0781533884272816
0.28702415721148267
1.4031402051076705
1.318935458785396
1.0543893877281532
0.3736981730526252
0.2912388089329221
0.46752292404932727
0.18905609515117158
0.6870361930319798
0.37917298419566536
0.25840523245866104
1.8160802619180374
0.30505088875063396
0.5264572469775064
0.02236524122930507
1.0781533884272816
1.672374435747433
0.545590753595785
0.33716664101734156
1.1348179894723738
1.3068696705964769
2.18900130084428
0.47174514171420134
0.2912388089329221
0.24051217279730835
0.006960431529173427
0.0535329919707007
0.27761638948815515
1.306264312201946
1.8517762916450218
0.708995651679135
0.9109868797333631
0.35444752834118215
0.21897288959378347
0.6444457386396741
0.12069503261514818
0.4009267524021902
0.6498160251451943
0.4573287543238389
1.3976178957330874
1.574686468721923
0.7656144950756636
0.2319854756510369
0.20813179435509443
1.318935458785396
0.3100949110924094
0.4395653681295842
0.5615920521745545
2.0434340467564462
0.4519597732365749
1.2491261267262588
2.4138526299275824
0.7043965283038287
