values
186.69592908910602
5.471591923802129
105.8758367083428
2.2441378230463336
160.9597404563222
5.235672807277539
121.09256305442759
12.119308493674005
51.35725673913429
26.094422635387126
11.725362112430156
105.35166558621775
100.8064033755601
2.076382827657402
202.95533517997873
150.87372008913738
118.48719026784237
33.49799539634589
31.596341989311618
283.8518647397824
7.032060621056873
140.94744147530608
15.195427234869937
110.6222515708864
3.5467015100362476
5.020082925627154
14.382447375495161
5.302284971753602
140.5515622338038
244.90181390848682
19.145711172491453
53.29799456315589
180.9118330458585
53.04300794300335
13.507548927308227
26.094422635387126
73.34817116766871
8.642599635074832
110.6222515708864
35.99988552170837
45.76145544104785
48.288510955275825
114.48833398412563
71.52762219068524
98.42251123008127
102.62121229698235
157.65627772735107
35.396478128532614
128.76426379364963
111.03575617399166
128.80082196906088
84.86886772764412
18.903075396422565
37.191275424572915
19.344776973746438
73.96075597162813
39.50101274678632
10.60533972007891
25.893823230378768
5.471591923802129
6.490650498217207
11.488424130638936
71.52762219068524
38.465254640338756
60.63885570672363
160.9597404563222
141.62287734437442
72.37937108771932
1.5107035674429694
107.20886362493798
102.62121229698235
244.90181390848682
73.34817116766871
7.699565664450628
7.173605525281037
21.567159696521923
8.81307030152556
1.4670355957864627
29.357658906634537
59.743506167585544
21.567159696521923
53.04300794300335
45.46375815202807
9.27816731214135
74.39642526227198
21.314266743559276
125.36851998860283
57.331893079005404
67.25500273917457
2.129080475783488
12.137186612890698
160.9597404563222
6.405831277229387
11.377097157841531
9.27816731214135
21.428443387016127
10.322200357732546
12.265880307534147
550.6423318108905
111.03575617399166
3.2378112842988256
327.23186206129986
58.00789651226207
7.268364754028524
4.41170013821594
19.357851247096324
247.68933237632692
47.23141617802213
0.4894667036658399
73.61349996329326
82.06810623546266
122.38547591298375
397.7272105802668
10.45123673593655
60.44782216159254
223.17999032762327
105.8758367083428
21.691161465803003
4.443209395521904
113.0107739506041
183.1867098036425
9.659649429011104
59.743506167585544
22.702710607222304
169.54249820112918
107.20886362493798
45.64581015899004
4.868615145471175
21.428443387016127
14.937951628579029
97.89948573621902
23.88065098860071
39.50101274678632
74.39642526227198
107.20886362493798
5.302284971753602
68.737147547049
164.80456120010714
54.72537160509582
72.01032801481314
92.92733291267912
13.782292768842712
45.46375815202807
9.27816731214135
205.83675215074388
35.99988552170837
33.057683237307835
45.08822860639983
31.316829823043307
24.907502363941354
5.420749504327068
230.21712378746187
198.24686392421125
53.29799456315589
190.4329071053002
25.77134518141924
7.369226651745864
44.7281266094638
29.94347978714801
4.532283476080776
45.024295105471545
1.6155353469293947
190.4329071053002
38.29981569501573
166.80528423571567
122.38547591298375
32.04378601606579
51.81559333276536
75.78454393357379
21.567159696521923
25.243695762048258
90.96257795937811
83.54006663709748
93.88125849983929
32.04378601606579
12.137186612890698
9.984734966707462
10.399330491983642
101.1744723383198
12.137186612890698
4.919016495374842
4.41170013821594
55.988541134392555
223.17999032762327
33.49799539634589
19.022071155825497
24.82072193108831
550.6423318108905
8.250410698783622
397.7272105802668
93.88125849983929
150.87372008913738
550.6423318108905
0.1216249826109364
2.757543379970361
22.744907171598054
12.137186612890698
70.06383865756459
53.29799456315589
74.39642526227198
38.71328071990942
45.08822860639983
1.8345090874893346
98.29436738975888
1.8596237503815678
81.63659845119216
53.14822962850788
38.465254640338756
2.076382827657402
5.882679094526503
44.7281266094638
47.11200990866274
63.00436806511177
38.71328071990942
140.94744147530608
73.96075597162813
60.44782216159254
140.94744147530608
230.21712378746187
30.90558392553891
8.847611318314442
66.25642357287798
37.55109105632155
164.80456120010714
110.6222515708864
10.768101132502334
9.910281317334645
45.08822860639983
6.490650498217207
41.235124985067756
3.091112077973842
152.2568921940417
12.265880307534147
198.24686392421125
99.57682673328031
244.90181390848682
96.99496456410634
6.490650498217207
100.8064033755601
93.88125849983929
127.70337299900285
87.57418354701073
30.90558392553891
14.793802940528003
36.53792116010462
48.288510955275825
7.2524076612424535
47.65095174842161
29.216531995516956
170.39514586556305
327.23186206129986
5.313714619218783
100.8064033755601
195.9862310358579
27.13868227340576
21.691161465803003
36.01454326847714
13.507548927308227
5.302284971753602
21.78132254798644
55.988541134392555
1.8596237503815678
3.5467015100362476
164.80456120010714
98.93910641016758
25.63498689748014
32.204801086574875
45.64581015899004
195.9862310358579
7.173605525281037
10.768101132502334
22.702710607222304
228.20419747910356
47.07718463353819
5.408240738677294
32.204801086574875
81.4841441300411
180.9118330458585
21.314266743559276
53.14822962850788
11.95608243173064
37.55109105632155
37.38636594608315
228.20419747910356
5.020082925627154
7.268364754028524
47.43722891163038
150.87372008913738
3.5467015100362476
41.64607047231768
2.629997836952856
230.21712378746187
47.63376996051832
37.38636594608315
14.972826296489291
125.49712447137411
10.60533972007891
95.27829058243526
221.50101767498705
160.9597404563222
